5100,'5334',715,,2699,1,,,0,22,,2699,32,4,,0,3,,2716,1,,,0,15,,2700,1,,,0,64,,2700,32,4,,0,6,,2701,1,,,0,24,,2701,32,4,,0,6,,2702,1,,,0,64,,2702,32,4,,0,11,,2703,1,,,0,24,,2703,32,4,,0,46,,2704,1,,,0,24,,2704,32,4,,0,6,,2705,1,,,0,24,,2705,32,4,,0,46,,2720,1,,,0,24,,2720,32,4,,0,6,,2706,1,,,0,24,,2706,32,4,,0,46,,2707,1,,,0,24,,2707,32,4,,0,6,,2721,1,,,0,24,,2721,32,4,,0,46,,2709,1,,,0,24,,2709,32,4,,0,6,,2710,1,,,0,24,,2710,32,4,,0,46,,2711,1,,,0,24,,2711,32,4,,0,6,,2708,1,,,0,24,,2708,32,4,,0,81,,2712,1,,,0,5,,2722,18,4,,0,19,,2712,32,4,,0,46,,2715,1,,,0,24,,2715,32,4,,0,1,,2719,1,,,0,15,,2713,1,,,0,64,,2713,32,4,,0,6,,2714,1,,,0,24,,2714,32,4,,0,6,,2718,1,,,0,64,,2718,32,4,,0,6,,2717,1,,,0,24,,2717,32,4,,0
5100,'5335',715,,2723,1,,,0,22,,2723,32,4,,0,3,,2740,1,,,0,15,,2724,1,,,0,64,,2724,32,4,,0,6,,2725,1,,,0,24,,2725,32,4,,0,6,,2726,1,,,0,64,,2726,32,4,,0,11,,2727,1,,,0,24,,2727,32,4,,0,46,,2728,1,,,0,24,,2728,32,4,,0,6,,2729,1,,,0,24,,2729,32,4,,0,46,,2744,1,,,0,24,,2744,32,4,,0,6,,2730,1,,,0,24,,2730,32,4,,0,46,,2731,1,,,0,24,,2731,32,4,,0,6,,2745,1,,,0,24,,2745,32,4,,0,46,,2732,1,,,0,24,,2732,32,4,,0,6,,2733,1,,,0,24,,2733,32,4,,0,46,,2734,1,,,0,24,,2734,32,4,,0,6,,2735,1,,,0,24,,2735,32,4,,0,81,,2736,1,,,0,5,,2749,18,4,,0,19,,2736,32,4,,0,46,,2739,1,,,0,24,,2739,32,4,,0,1,,2743,1,,,0,15,,2737,1,,,0,64,,2737,32,4,,0,6,,2738,1,,,0,24,,2738,32,4,,0,6,,2742,1,,,0,64,,2742,32,4,,0,6,,2741,1,,,0,24,,2741,32,4,,0,76,,2748,1,,,0,24,,2748,32,4,,0,76,,2746,1,,,0,24,,2746,32,4,,0,76,,2747,1,,,0,24,,2747,32,4,,0
5100,'5336',825,,2750,1,,,0,24,,2750,32,4,,0,81,,2765,1,,,0,24,,2765,32,4,,0,76,,2762,1,,,0,24,,2762,32,4,,0,46,,2766,1,,,0,24,,2766,32,4,,0,6,,2753,1,,,0,24,,2753,32,4,,0,46,,2767,1,,,0,24,,2767,32,4,,0,6,,2759,1,,,0,24,,2759,32,4,,0,46,,2754,1,,,0,24,,2754,32,4,,0,6,,2755,1,,,0,24,,2755,32,4,,0,46,,2760,1,,,0,24,,2760,32,4,,0,6,,2756,1,,,0,24,,2756,32,4,,0,51,,2761,1,,,0,24,,2761,32,4,,0,6,,2758,1,,,0,24,,2758,32,4,,0,46,,2763,1,,,0,24,,2763,32,4,,0,16,,2751,1,,,0,64,,2751,32,4,,0,6,,2764,1,,,0,24,,2764,32,4,,0,6,,2757,1,,,0,64,,2757,32,4,,0,6,,2752,1,,,0,24,,2752,32,4,,0
5200,'5334',740,,2785,31,4,,0,83,,2769,24,4,,0,32,,2770,24,4,,0,70,,2768,24,4,,0,75,,2771,24,4,,0,30,,2772,24,4,,0,100,,2773,24,4,,0,70,,2774,24,4,,0,30,,2775,24,4,,0,70,,2776,24,4,,0,30,,2788,24,4,,0,70,,2777,24,4,,0,30,,2779,24,4,,0,25,,2786,32,4,,0,63,,2781,24,4,,0,35,,2778,24,4,,0,70,,2782,24,4,,0,80,,2780,24,4,,0,30,,2783,24,4,,0,70,,2784,24,4,,0,37,,2787,32,4,,0
5200,'5335',740,,2806,31,4,,0,83,,2792,24,4,,0,32,,2789,24,4,,0,70,,2790,24,4,,0,75,,2793,24,4,,0,30,,2794,24,4,,0,100,,2791,24,4,,0,70,,2795,24,4,,0,30,,2796,24,4,,0,70,,2797,24,4,,0,30,,2809,24,4,,0,70,,2798,24,4,,0,30,,2800,24,4,,0,25,,2807,32,4,,0,63,,2802,24,4,,0,35,,2799,24,4,,0,70,,2803,24,4,,0,80,,2801,24,4,,0,30,,2804,24,4,,0,70,,2805,24,4,,0,37,,2808,32,4,,0,63,,2810,24,4,,0,100,,2812,24,4,,0,100,,2811,24,4,,0,103,,2813,31,4,,0
5200,'5336',925,,2815,24,4,,0,105,,2816,24,4,,0,100,,2827,24,4,,0,70,,2817,24,4,,0,30,,2818,24,4,,0,70,,2819,24,4,,0,30,,2820,24,4,,0,70,,2829,24,4,,0,30,,2821,24,4,,0,25,,2823,32,4,,0,68,,2828,24,4,,0,30,,2830,24,4,,0,70,,2822,24,4,,0,80,,2826,24,4,,0,30,,2814,24,4,,0,70,,2825,24,4,,0,33,,2824,32,4,,0
5300,'5334',713,,2831,1,,,0,24,,2831,29,4,,0,19,,2832,1,,,0,64,,2832,29,4,,0,5,,2833,1,,,0,24,,2833,29,4,,0,6,,2834,1,,,0,64,,2834,29,4,,0,11,,2836,1,,,0,24,,2836,29,4,,0,46,,2838,1,,,0,24,,2838,29,4,,0,6,,2849,1,,,0,24,,2849,29,4,,0,46,,2835,1,,,0,24,,2835,29,4,,0,6,,2841,1,,,0,24,,2841,29,4,,0,46,,2842,1,,,0,24,,2842,29,4,,0,6,,2837,1,,,0,24,,2837,29,4,,0,46,,2851,1,,,0,24,,2851,29,4,,0,6,,2839,1,,,0,24,,2839,29,4,,0,46,,2844,1,,,0,24,,2844,29,4,,0,6,,2845,1,,,0,24,,2845,29,4,,0,53,,2843,1,,,0,27,,2843,30,4,,0,1,,2840,1,,,0,24,,2840,29,4,,0,46,,2846,1,,,0,24,,2846,29,4,,0,16,,2847,1,,,0,64,,2847,29,4,,0,6,,2850,1,,,0,24,,2850,29,4,,0,6,,2848,1,,,0,64,,2848,29,4,,0,6,,2852,1,,,0,24,,2852,29,4,,0
5300,'5335',713,,2853,1,,,0,24,,2853,29,4,,0,19,,2854,1,,,0,64,,2854,29,4,,0,5,,2855,1,,,0,24,,2855,29,4,,0,6,,2856,1,,,0,64,,2856,29,4,,0,11,,2857,1,,,0,24,,2857,29,4,,0,46,,2858,1,,,0,24,,2858,29,4,,0,6,,2872,1,,,0,24,,2872,29,4,,0,46,,2860,1,,,0,24,,2860,29,4,,0,6,,2863,1,,,0,24,,2863,29,4,,0,46,,2861,1,,,0,24,,2861,29,4,,0,6,,2859,1,,,0,24,,2859,29,4,,0,46,,2873,1,,,0,24,,2873,29,4,,0,6,,2862,1,,,0,24,,2862,29,4,,0,46,,2865,1,,,0,24,,2865,29,4,,0,6,,2864,1,,,0,24,,2864,29,4,,0,53,,2866,1,,,0,27,,2866,30,4,,0,1,,2867,1,,,0,24,,2867,29,4,,0,46,,2868,1,,,0,24,,2868,29,4,,0,16,,2869,1,,,0,64,,2869,29,4,,0,6,,2871,1,,,0,24,,2871,29,4,,0,6,,2870,1,,,0,64,,2870,29,4,,0,6,,2874,1,,,0,24,,2874,29,4,,0,6,,2878,1,,,0,64,,2878,29,4,,0,6,,2879,1,,,0,24,,2879,29,4,,0,6,,2877,1,,,0,64,,2877,29,4,,0,6,,2880,1,,,0,24,,2880,29,4,,0,6,,2875,1,,,0,64,,2875,29,4,,0,6,,2876,1,,,0,24,,2876,29,4,,0
5300,'5336',825,,2883,1,,,0,24,,2883,29,4,,0,6,,2897,1,,,0,64,,2897,29,4,,0,11,,2894,1,,,0,24,,2894,29,4,,0,46,,2884,1,,,0,24,,2884,29,4,,0,6,,2886,1,,,0,24,,2886,29,4,,0,46,,2896,1,,,0,24,,2896,29,4,,0,6,,2899,1,,,0,24,,2899,29,4,,0,46,,2887,1,,,0,24,,2887,29,4,,0,6,,2895,1,,,0,24,,2895,29,4,,0,46,,2900,1,,,0,24,,2900,29,4,,0,6,,2888,1,,,0,24,,2888,29,4,,0,46,,2889,1,,,0,24,,2889,29,4,,0,6,,2898,1,,,0,24,,2898,29,4,,0,51,,2891,1,,,0,24,,2891,29,4,,0,6,,2890,1,,,0,24,,2890,29,4,,0,46,,2892,1,,,0,24,,2892,29,4,,0,16,,2882,1,,,0,64,,2882,29,4,,0,6,,2881,1,,,0,24,,2881,29,4,,0,6,,2893,1,,,0,64,,2893,29,4,,0,6,,2885,1,,,0,24,,2885,29,4,,0
5401,'5334',755,,2901,20,4,,0,82,,2902,20,4,,0,70,,2903,20,4,,0,205,,2908,20,4,,0,200,,2910,20,4,,0,100,,2909,20,4,,0,193,,2905,20,4,,0,30,,2906,20,4,,0,80,,2907,20,4,,0,100,,2904,20,4,,0
5401,'5335',755,,2913,20,4,,0,82,,2912,20,4,,0,70,,2914,20,4,,0,205,,2918,20,4,,0,200,,2920,20,4,,0,100,,2919,20,4,,0,193,,2916,20,4,,0,30,,2915,20,4,,0,80,,2917,20,4,,0,100,,2911,20,4,,0,100,,2921,20,4,,0,200,,2922,20,4,,0
5401,'5336',907,,2923,20,4,,0,205,,2925,20,4,,0,100,,2924,20,4,,0,100,,2926,20,4,,0,100,,2927,20,4,,0,193,,2928,20,4,,0,30,,2929,20,4,,0,80,,2931,20,4,,0,100,,2930,20,4,,0
5500,'5334',756,,2934,20,4,,0,486,,2932,12,4,,0,400,,2933,12,4,,0
5500,'5335',756,,2937,20,4,,0,486,,2935,12,4,,0,400,,2936,12,4,,0
5500,'5336',1242,,2938,12,4,,0,400,,2939,12,4,,0
5700,'5334',1012,,2940,16,4,,0,200,,2942,16,4,,0,323,,2941,16,4,,0,210,,2943,16,4,,0
5700,'5335',1012,,2944,16,4,,0,200,,2945,16,4,,0,323,,2946,16,4,,0,210,,2947,16,4,,0,270,,2948,16,4,,0
5700,'5336',1012,,2949,16,4,,0,523,,2950,16,4,,0,210,,2951,16,4,,0
6000,'5334',755,,2954,13,4,,0,195,,2952,13,4,,0,300,,2953,13,4,,0,400,,2956,13,4,,0,100,,2955,13,4,,0
6000,'5335',755,,2958,13,4,,0,195,,2957,13,4,,0,300,,2959,13,4,,0,400,,2961,13,4,,0,100,,2960,13,4,,0
6000,'5336',950,,2964,13,4,,0,300,,2965,13,4,,0,400,,2963,13,4,,0,100,,2962,13,4,,0
6001,'5334',710,,2968,1,0,5 6,0,200,,2967,1,0,5 6,0,300,,2966,1,0,5 6,0,400,,2970,1,0,5 6,0,100,,2969,1,0,5 6,0
6001,'5335',710,,2973,1,0,5 6,0,200,,2971,1,0,5 6,0,300,,2972,1,0,5 6,0,400,,2975,1,0,5 6,0,100,,2974,1,0,5 6,0
6001,'5336',910,,2977,1,0,5 6,0,300,,2978,1,0,5 6,0,400,,2979,1,0,5 6,0,100,,2976,1,0,5 6,0
99019,'5334',1507,,2981,1,0,7 8,0
99019,'5335',1507,,2983,1,0,7 8,0
99029,'5334',1530,,2985,26,4,,0
99029,'5335',1530,,2987,26,4,,0
