5200,'5334',815,,2769,18,,,0,32,,2770,18,,,0,70,,2768,18,,,0,35,,2771,18,,,0,70,,2772,18,,,0,100,,2773,18,,,0,30,,2774,18,,,0,70,,2775,18,,,0,30,,2776,18,,,0,70,,2788,18,,,0,30,,2777,18,,,0,70,,2779,18,,,0,88,,2781,18,,,0,35,,2778,18,,,0,70,,2782,18,,,0,40,,2780,18,,,0,70,,2783,18,,,0,30,,2784,18,,,0
5200,'5335',815,,2792,18,,,0,32,,2789,18,,,0,70,,2790,18,,,0,35,,2793,18,,,0,70,,2794,18,,,0,100,,2791,18,,,0,30,,2795,18,,,0,70,,2796,18,,,0,30,,2797,18,,,0,70,,2809,18,,,0,30,,2798,18,,,0,70,,2800,18,,,0,88,,2802,18,,,0,35,,2799,18,,,0,70,,2803,18,,,0,40,,2801,18,,,0,70,,2804,18,,,0,30,,2805,18,,,0,100,,2810,18,,,0,100,,2812,18,,,0,100,,2811,18,,,0
5200,'5336',917,,2815,18,,,0,105,,2816,18,,,0,100,,2827,18,,,0,30,,2817,18,,,0,70,,2818,18,,,0,30,,2819,18,,,0,70,,2820,18,,,0,30,,2829,18,,,0,70,,2821,18,,,0,93,,2828,18,,,0,30,,2830,18,,,0,70,,2822,18,,,0,40,,2826,18,,,0,70,,2814,18,,,0,30,,2825,18,,,0
5500,'5334',748,,2934,14,0,11 12 13,0
5500,'5335',748,,2937,14,0,11 12 13,0
5700,'5334',1007,,2940,10,,,0,200,,2942,10,,,0,323,,2941,10,,,0,210,,2943,10,,,0
5700,'5335',1007,,2944,10,,,0,200,,2945,10,,,0,323,,2946,10,,,0,210,,2947,10,,,0,270,,2948,10,,,0
5700,'5336',1007,,2949,10,,,0,523,,2950,10,,,0,210,,2951,10,,,0
99029,'5334',834,,2984,16,0,7 8,0
99029,'5335',834,,2986,16,0,7 8,0
