5200,'5334',719,,2785,1,0,9 10,0,86,,2769,1,,,0,32,,2770,1,,,0,70,,2768,1,,,0,35,,2771,1,,,0,70,,2772,1,,,0,100,,2773,1,,,0,30,,2774,1,,,0,70,,2775,1,,,0,30,,2776,1,,,0,70,,2788,1,,,0,30,,2777,1,,,0,70,,2779,1,,,0,18,,2786,1,0,9 10,0,70,,2781,1,,,0,35,,2778,1,,,0,70,,2782,1,,,0,40,,2780,1,,,0,70,,2783,1,,,0,30,,2784,1,,,0,70,,2787,1,0,9 10,0
5200,'5335',719,,2806,1,0,9 10,0,86,,2792,1,,,0,32,,2789,1,,,0,70,,2790,1,,,0,35,,2793,1,,,0,70,,2794,1,,,0,100,,2791,1,,,0,30,,2795,1,,,0,70,,2796,1,,,0,30,,2797,1,,,0,70,,2809,1,,,0,30,,2798,1,,,0,70,,2800,1,,,0,18,,2807,1,0,9 10,0,70,,2802,1,,,0,35,,2799,1,,,0,70,,2803,1,,,0,40,,2801,1,,,0,70,,2804,1,,,0,30,,2805,1,,,0,70,,2808,1,0,9 10,0,30,,2810,1,,,0,100,,2812,1,,,0,100,,2811,1,,,0,100,,2813,1,0,9 10,0
5200,'5336',907,,2815,1,,,0,105,,2816,1,,,0,100,,2827,1,,,0,30,,2817,1,,,0,70,,2818,1,,,0,30,,2819,1,,,0,70,,2820,1,,,0,30,,2829,1,,,0,70,,2821,1,,,0,18,,2823,1,0,9 10,0,75,,2828,1,,,0,30,,2830,1,,,0,70,,2822,1,,,0,40,,2826,1,,,0,70,,2814,1,,,0,30,,2825,1,,,0,70,,2824,1,0,9 10,0
5401,'5334',743,,2901,1,,,0,82,,2902,1,,,0,30,,2903,1,,,0,245,,2908,1,,,0,200,,2910,1,,,0,100,,2909,1,,,0,153,,2905,1,,,0,70,,2906,1,,,0,80,,2907,1,,,0,100,,2904,1,,,0
5401,'5335',743,,2913,1,,,0,82,,2912,1,,,0,30,,2914,1,,,0,245,,2918,1,,,0,200,,2920,1,,,0,100,,2919,1,,,0,153,,2916,1,,,0,70,,2915,1,,,0,80,,2917,1,,,0,100,,2911,1,,,0,100,,2921,1,,,0,200,,2922,1,,,0
5401,'5336',855,,2923,1,,,0,245,,2925,1,,,0,100,,2924,1,,,0,100,,2926,1,,,0,100,,2927,1,,,0,153,,2928,1,,,0,70,,2929,1,,,0,80,,2931,1,,,0,100,,2930,1,,,0
5500,'5334',738,,2934,1,0,11 12 13,0,492,,2932,1,,,0,400,,2933,1,,,0
5500,'5335',738,,2937,1,0,11 12 13,0,492,,2935,1,,,0,400,,2936,1,,,0
5500,'5336',1230,,2938,1,,,0,400,,2939,1,,,0
5700,'5334',1000,,2940,1,,,0,200,,2942,1,,,0,323,,2941,1,,,0,210,,2943,1,,,0
5700,'5335',1000,,2944,1,,,0,200,,2945,1,,,0,323,,2946,1,,,0,210,,2947,1,,,0,270,,2948,1,,,0
5700,'5336',1000,,2949,1,,,0,523,,2950,1,,,0,210,,2951,1,,,0
