5200,'5334',816,,2769,19,,,0,32,,2770,19,,,0,70,,2768,19,,,0,35,,2771,19,,,0,70,,2772,19,,,0,100,,2773,19,,,0,30,,2774,19,,,0,70,,2775,19,,,0,30,,2776,19,,,0,70,,2788,19,,,0,30,,2777,19,,,0,70,,2779,19,,,0,88,,2781,19,,,0,35,,2778,19,,,0,70,,2782,19,,,0,40,,2780,19,,,0,70,,2783,19,,,0,30,,2784,19,,,0
5200,'5335',816,,2792,19,,,0,32,,2789,19,,,0,70,,2790,19,,,0,35,,2793,19,,,0,70,,2794,19,,,0,100,,2791,19,,,0,30,,2795,19,,,0,70,,2796,19,,,0,30,,2797,19,,,0,70,,2809,19,,,0,30,,2798,19,,,0,70,,2800,19,,,0,88,,2802,19,,,0,35,,2799,19,,,0,70,,2803,19,,,0,40,,2801,19,,,0,70,,2804,19,,,0,30,,2805,19,,,0,100,,2810,19,,,0,100,,2812,19,,,0,100,,2811,19,,,0
5200,'5336',918,,2815,19,,,0,105,,2816,19,,,0,100,,2827,19,,,0,30,,2817,19,,,0,70,,2818,19,,,0,30,,2819,19,,,0,70,,2820,19,,,0,30,,2829,19,,,0,70,,2821,19,,,0,93,,2828,19,,,0,30,,2830,19,,,0,70,,2822,19,,,0,40,,2826,19,,,0,70,,2814,19,,,0,30,,2825,19,,,0
5500,'5334',749,,2934,15,0,11 12 13,0
5500,'5335',749,,2937,15,0,11 12 13,0
5700,'5334',1007,,2940,11,,,0,200,,2942,11,,,0,323,,2941,11,,,0,210,,2943,11,,,0
5700,'5335',1007,,2944,11,,,0,200,,2945,11,,,0,323,,2946,11,,,0,210,,2947,11,,,0,270,,2948,11,,,0
5700,'5336',1007,,2949,11,,,0,523,,2950,11,,,0,210,,2951,11,,,0
99029,'5334',835,,2984,17,0,7 8,0
99029,'5335',835,,2986,17,0,7 8,0
