5200,'4332',919,,2199,20,,,0,105,,2200,20,,,0,100,,2211,20,,,0,30,,2201,20,,,0,70,,2202,20,,,0,30,,2203,20,,,0,70,,2204,20,,,0,30,,2213,20,,,0,70,,2205,20,,,0,93,,2212,20,,,0,30,,2214,20,,,0,70,,2206,20,,,0,40,,2210,20,,,0,70,,2198,20,,,0,30,,2209,20,,,0
5200,'4661',817,,2216,20,,,0,32,,2217,20,,,0,70,,2215,20,,,0,35,,2218,20,,,0,70,,2219,20,,,0,100,,2220,20,,,0,30,,2221,20,,,0,70,,2222,20,,,0,30,,2223,20,,,0,70,,2235,20,,,0,30,,2224,20,,,0,70,,2225,20,,,0,88,,2227,20,,,0,35,,2228,20,,,0,70,,2229,20,,,0,40,,2226,20,,,0,70,,2230,20,,,0,30,,2231,20,,,0
5200,'4663',817,,2237,20,,,0,32,,2238,20,,,0,70,,2236,20,,,0,35,,2239,20,,,0,70,,2240,20,,,0,100,,2241,20,,,0,30,,2242,20,,,0,70,,2243,20,,,0,30,,2244,20,,,0,70,,2256,20,,,0,30,,2245,20,,,0,70,,2247,20,,,0,88,,2249,20,,,0,35,,2246,20,,,0,70,,2250,20,,,0,40,,2248,20,,,0,70,,2251,20,,,0,30,,2252,20,,,0,100,,2257,20,,,0,100,,2259,20,,,0,100,,2258,20,,,0
5500,'4661',750,,2366,16,0,11 12 13,0
5500,'4663',750,,2369,16,0,11 12 13,0
5700,'4332',1008,,2370,12,,,0,523,,2371,12,,,0,210,,2372,12,,,0
5700,'4661',1008,,2373,12,,,0,200,,2375,12,,,0,323,,2374,12,,,0,210,,2376,12,,,0
5700,'4663',1008,,2377,12,,,0,200,,2378,12,,,0,323,,2379,12,,,0,210,,2380,12,,,0,270,,2381,12,,,0
99029,'4661',836,,2415,18,0,7 8,0
99029,'4663',836,,2417,18,0,7 8,0
