5100,'4532',825,,2445,1,,,0,24,,2445,32,4,,0,81,,2460,1,,,0,24,,2460,32,4,,0,76,,2457,1,,,0,24,,2457,32,4,,0,46,,2461,1,,,0,24,,2461,32,4,,0,6,,2448,1,,,0,24,,2448,32,4,,0,46,,2462,1,,,0,24,,2462,32,4,,0,6,,2454,1,,,0,24,,2454,32,4,,0,46,,2449,1,,,0,24,,2449,32,4,,0,6,,2450,1,,,0,24,,2450,32,4,,0,46,,2455,1,,,0,24,,2455,32,4,,0,6,,2451,1,,,0,24,,2451,32,4,,0,51,,2456,1,,,0,24,,2456,32,4,,0,6,,2453,1,,,0,24,,2453,32,4,,0,46,,2458,1,,,0,24,,2458,32,4,,0,16,,2446,1,,,0,64,,2446,32,4,,0,6,,2459,1,,,0,24,,2459,32,4,,0,6,,2452,1,,,0,64,,2452,32,4,,0,6,,2447,1,,,0,24,,2447,32,4,,0
5100,'4623',715,,2418,1,,,0,22,,2418,32,4,,0,3,,2435,1,,,0,15,,2419,1,,,0,64,,2419,32,4,,0,6,,2420,1,,,0,24,,2420,32,4,,0,6,,2421,1,,,0,64,,2421,32,4,,0,11,,2422,1,,,0,24,,2422,32,4,,0,46,,2423,1,,,0,24,,2423,32,4,,0,6,,2424,1,,,0,24,,2424,32,4,,0,46,,2439,1,,,0,24,,2439,32,4,,0,6,,2425,1,,,0,24,,2425,32,4,,0,46,,2426,1,,,0,24,,2426,32,4,,0,6,,2440,1,,,0,24,,2440,32,4,,0,46,,2427,1,,,0,24,,2427,32,4,,0,6,,2428,1,,,0,24,,2428,32,4,,0,46,,2429,1,,,0,24,,2429,32,4,,0,6,,2430,1,,,0,24,,2430,32,4,,0,51,,2444,1,,,0,24,,2444,32,4,,0,6,,2431,1,,,0,24,,2431,32,4,,0,46,,2434,1,,,0,24,,2434,32,4,,0,1,,2438,1,,,0,15,,2432,1,,,0,64,,2432,32,4,,0,6,,2433,1,,,0,24,,2433,32,4,,0,6,,2437,1,,,0,64,,2437,32,4,,0,6,,2436,1,,,0,24,,2436,32,4,,0,76,,2443,1,,,0,24,,2443,32,4,,0,76,,2441,1,,,0,24,,2441,32,4,,0,76,,2442,1,,,0,24,,2442,32,4,,0
5100,'5222',715,,2463,1,,,0,22,,2463,32,4,,0,3,,2480,1,,,0,15,,2464,1,,,0,64,,2464,32,4,,0,6,,2465,1,,,0,24,,2465,32,4,,0,6,,2466,1,,,0,64,,2466,32,4,,0,11,,2467,1,,,0,24,,2467,32,4,,0,46,,2468,1,,,0,24,,2468,32,4,,0,6,,2469,1,,,0,24,,2469,32,4,,0,46,,2484,1,,,0,24,,2484,32,4,,0,6,,2470,1,,,0,24,,2470,32,4,,0,46,,2471,1,,,0,24,,2471,32,4,,0,6,,2485,1,,,0,24,,2485,32,4,,0,46,,2473,1,,,0,24,,2473,32,4,,0,6,,2474,1,,,0,24,,2474,32,4,,0,46,,2475,1,,,0,24,,2475,32,4,,0,6,,2472,1,,,0,24,,2472,32,4,,0,51,,2486,1,,,0,24,,2486,32,4,,0,6,,2476,1,,,0,24,,2476,32,4,,0,46,,2479,1,,,0,24,,2479,32,4,,0,1,,2483,1,,,0,15,,2477,1,,,0,64,,2477,32,4,,0,6,,2478,1,,,0,24,,2478,32,4,,0,6,,2482,1,,,0,64,,2482,32,4,,0,6,,2481,1,,,0,24,,2481,32,4,,0
5200,'4532',925,,2513,24,4,,0,105,,2514,24,4,,0,100,,2525,24,4,,0,70,,2515,24,4,,0,30,,2516,24,4,,0,70,,2517,24,4,,0,30,,2518,24,4,,0,70,,2527,24,4,,0,30,,2519,24,4,,0,25,,2521,32,4,,0,68,,2526,24,4,,0,30,,2528,24,4,,0,70,,2520,24,4,,0,80,,2524,24,4,,0,30,,2512,24,4,,0,70,,2523,24,4,,0,33,,2522,32,4,,0
5200,'4623',740,,2504,31,4,,0,83,,2489,24,4,,0,32,,2487,24,4,,0,70,,2488,24,4,,0,75,,2490,24,4,,0,30,,2491,24,4,,0,100,,2492,24,4,,0,70,,2493,24,4,,0,30,,2494,24,4,,0,70,,2495,24,4,,0,30,,2507,24,4,,0,70,,2496,24,4,,0,30,,2498,24,4,,0,25,,2505,32,4,,0,63,,2500,24,4,,0,35,,2497,24,4,,0,70,,2501,24,4,,0,80,,2499,24,4,,0,30,,2502,24,4,,0,70,,2503,24,4,,0,37,,2506,32,4,,0,63,,2508,24,4,,0,100,,2510,24,4,,0,100,,2509,24,4,,0,103,,2511,31,4,,0
5200,'5222',740,,2546,31,4,,0,83,,2530,24,4,,0,32,,2531,24,4,,0,70,,2529,24,4,,0,75,,2532,24,4,,0,30,,2533,24,4,,0,100,,2534,24,4,,0,70,,2535,24,4,,0,30,,2536,24,4,,0,70,,2537,24,4,,0,30,,2549,24,4,,0,70,,2538,24,4,,0,30,,2540,24,4,,0,25,,2547,32,4,,0,63,,2542,24,4,,0,35,,2539,24,4,,0,70,,2543,24,4,,0,80,,2541,24,4,,0,30,,2544,24,4,,0,70,,2545,24,4,,0,37,,2548,32,4,,0
5300,'4532',825,,2580,1,,,0,24,,2580,29,4,,0,6,,2594,1,,,0,64,,2594,29,4,,0,11,,2591,1,,,0,24,,2591,29,4,,0,46,,2581,1,,,0,24,,2581,29,4,,0,6,,2583,1,,,0,24,,2583,29,4,,0,46,,2593,1,,,0,24,,2593,29,4,,0,6,,2596,1,,,0,24,,2596,29,4,,0,46,,2584,1,,,0,24,,2584,29,4,,0,6,,2592,1,,,0,24,,2592,29,4,,0,46,,2597,1,,,0,24,,2597,29,4,,0,6,,2585,1,,,0,24,,2585,29,4,,0,46,,2586,1,,,0,24,,2586,29,4,,0,6,,2595,1,,,0,24,,2595,29,4,,0,51,,2588,1,,,0,24,,2588,29,4,,0,6,,2587,1,,,0,24,,2587,29,4,,0,46,,2589,1,,,0,24,,2589,29,4,,0,16,,2579,1,,,0,64,,2579,29,4,,0,6,,2578,1,,,0,24,,2578,29,4,,0,6,,2590,1,,,0,64,,2590,29,4,,0,6,,2582,1,,,0,24,,2582,29,4,,0
5300,'4623',713,,2550,1,,,0,24,,2550,29,4,,0,19,,2551,1,,,0,64,,2551,29,4,,0,5,,2552,1,,,0,24,,2552,29,4,,0,6,,2553,1,,,0,64,,2553,29,4,,0,11,,2554,1,,,0,24,,2554,29,4,,0,46,,2555,1,,,0,24,,2555,29,4,,0,6,,2569,1,,,0,24,,2569,29,4,,0,46,,2556,1,,,0,24,,2556,29,4,,0,6,,2558,1,,,0,24,,2558,29,4,,0,46,,2560,1,,,0,24,,2560,29,4,,0,6,,2561,1,,,0,24,,2561,29,4,,0,46,,2570,1,,,0,24,,2570,29,4,,0,6,,2557,1,,,0,24,,2557,29,4,,0,46,,2562,1,,,0,24,,2562,29,4,,0,6,,2559,1,,,0,24,,2559,29,4,,0,51,,2563,1,,,0,24,,2563,29,4,,0,6,,2564,1,,,0,24,,2564,29,4,,0,46,,2565,1,,,0,24,,2565,29,4,,0,16,,2566,1,,,0,64,,2566,29,4,,0,6,,2568,1,,,0,24,,2568,29,4,,0,6,,2567,1,,,0,64,,2567,29,4,,0,6,,2571,1,,,0,24,,2571,29,4,,0,6,,2575,1,,,0,64,,2575,29,4,,0,6,,2576,1,,,0,24,,2576,29,4,,0,6,,2574,1,,,0,64,,2574,29,4,,0,6,,2577,1,,,0,24,,2577,29,4,,0,6,,2572,1,,,0,64,,2572,29,4,,0,6,,2573,1,,,0,24,,2573,29,4,,0
5300,'5222',713,,2598,1,,,0,24,,2598,29,4,,0,19,,2599,1,,,0,64,,2599,29,4,,0,5,,2600,1,,,0,24,,2600,29,4,,0,6,,2601,1,,,0,64,,2601,29,4,,0,11,,2602,1,,,0,24,,2602,29,4,,0,46,,2604,1,,,0,24,,2604,29,4,,0,6,,2616,1,,,0,24,,2616,29,4,,0,46,,2605,1,,,0,24,,2605,29,4,,0,6,,2607,1,,,0,24,,2607,29,4,,0,46,,2608,1,,,0,24,,2608,29,4,,0,6,,2603,1,,,0,24,,2603,29,4,,0,46,,2618,1,,,0,24,,2618,29,4,,0,6,,2606,1,,,0,24,,2606,29,4,,0,46,,2611,1,,,0,24,,2611,29,4,,0,6,,2612,1,,,0,24,,2612,29,4,,0,51,,2609,1,,,0,24,,2609,29,4,,0,6,,2610,1,,,0,24,,2610,29,4,,0,46,,2613,1,,,0,24,,2613,29,4,,0,16,,2614,1,,,0,64,,2614,29,4,,0,6,,2617,1,,,0,24,,2617,29,4,,0,6,,2615,1,,,0,64,,2615,29,4,,0,6,,2619,1,,,0,24,,2619,29,4,,0
5401,'4532',907,,2632,20,4,,0,205,,2634,20,4,,0,100,,2633,20,4,,0,100,,2635,20,4,,0,100,,2636,20,4,,0,193,,2637,20,4,,0,30,,2638,20,4,,0,80,,2640,20,4,,0,100,,2639,20,4,,0
5401,'4623',755,,2622,20,4,,0,82,,2621,20,4,,0,70,,2623,20,4,,0,205,,2627,20,4,,0,200,,2629,20,4,,0,100,,2628,20,4,,0,193,,2625,20,4,,0,30,,2624,20,4,,0,80,,2626,20,4,,0,100,,2620,20,4,,0,100,,2630,20,4,,0,200,,2631,20,4,,0
5401,'5222',755,,2641,20,4,,0,82,,2642,20,4,,0,70,,2643,20,4,,0,205,,2648,20,4,,0,200,,2650,20,4,,0,100,,2649,20,4,,0,193,,2645,20,4,,0,30,,2646,20,4,,0,80,,2647,20,4,,0,100,,2644,20,4,,0
5500,'4532',1242,,2654,12,4,,0,400,,2655,12,4,,0
5500,'4623',756,,2653,20,4,,0,486,,2651,12,4,,0,400,,2652,12,4,,0
5500,'5222',756,,2658,20,4,,0,486,,2656,12,4,,0,400,,2657,12,4,,0
5700,'4532',1012,,2664,16,4,,0,523,,2665,16,4,,0,210,,2666,16,4,,0
5700,'4623',1012,,2659,16,4,,0,200,,2660,16,4,,0,323,,2661,16,4,,0,210,,2662,16,4,,0,270,,2663,16,4,,0
5700,'5222',1012,,2667,16,4,,0,200,,2669,16,4,,0,323,,2668,16,4,,0,210,,2670,16,4,,0
6000,'4532',950,,2678,13,4,,0,300,,2679,13,4,,0,400,,2677,13,4,,0,100,,2676,13,4,,0
6000,'4623',755,,2672,13,4,,0,195,,2671,13,4,,0,300,,2673,13,4,,0,400,,2675,13,4,,0,100,,2674,13,4,,0
6000,'5222',755,,2682,13,4,,0,195,,2680,13,4,,0,300,,2681,13,4,,0,400,,2684,13,4,,0,100,,2683,13,4,,0
6001,'4532',910,,2691,1,0,5 6,0,300,,2692,1,0,5 6,0,400,,2693,1,0,5 6,0,100,,2690,1,0,5 6,0
6001,'4623',710,,2687,1,0,5 6,0,200,,2685,1,0,5 6,0,300,,2686,1,0,5 6,0,400,,2689,1,0,5 6,0,100,,2688,1,0,5 6,0
6001,'5222',710,,2696,1,0,5 6,0,200,,2695,1,0,5 6,0,300,,2694,1,0,5 6,0,400,,2698,1,0,5 6,0,100,,2697,1,0,5 6,0
