5200,'4332',921,,2199,21,,,0,105,,2200,21,,,0,100,,2211,21,,,0,30,,2201,21,,,0,70,,2202,21,,,0,30,,2203,21,,,0,70,,2204,21,,,0,30,,2213,21,,,0,70,,2205,21,,,0,93,,2212,21,,,0,30,,2214,21,,,0,70,,2206,21,,,0,40,,2210,21,,,0,70,,2198,21,,,0,30,,2209,21,,,0
5200,'4661',819,,2216,21,,,0,32,,2217,21,,,0,70,,2215,21,,,0,35,,2218,21,,,0,70,,2219,21,,,0,100,,2220,21,,,0,30,,2221,21,,,0,70,,2222,21,,,0,30,,2223,21,,,0,70,,2235,21,,,0,30,,2224,21,,,0,70,,2225,21,,,0,88,,2227,21,,,0,35,,2228,21,,,0,70,,2229,21,,,0,40,,2226,21,,,0,70,,2230,21,,,0,30,,2231,21,,,0
5200,'4663',819,,2237,21,,,0,32,,2238,21,,,0,70,,2236,21,,,0,35,,2239,21,,,0,70,,2240,21,,,0,100,,2241,21,,,0,30,,2242,21,,,0,70,,2243,21,,,0,30,,2244,21,,,0,70,,2256,21,,,0,30,,2245,21,,,0,70,,2247,21,,,0,88,,2249,21,,,0,35,,2246,21,,,0,70,,2250,21,,,0,40,,2248,21,,,0,70,,2251,21,,,0,30,,2252,21,,,0,100,,2257,21,,,0,100,,2259,21,,,0,100,,2258,21,,,0
5500,'4661',752,,2366,17,0,11 12 13,0
5500,'4663',752,,2369,17,0,11 12 13,0
5700,'4332',1010,,2370,13,,,0,523,,2371,13,,,0,210,,2372,13,,,0
5700,'4661',1010,,2373,13,,,0,200,,2375,13,,,0,323,,2374,13,,,0,210,,2376,13,,,0
5700,'4663',1010,,2377,13,,,0,200,,2378,13,,,0,323,,2379,13,,,0,210,,2380,13,,,0,270,,2381,13,,,0
99029,'4661',838,,2415,19,0,7 8,0
99029,'4663',838,,2417,19,0,7 8,0
