5200,'4332',916,,2199,16,,,0,105,,2200,16,,,0,100,,2211,16,,,0,30,,2201,16,,,0,70,,2202,16,,,0,30,,2203,16,,,0,70,,2204,16,,,0,30,,2213,16,,,0,70,,2205,16,,,0,93,,2212,16,,,0,30,,2214,16,,,0,70,,2206,16,,,0,40,,2210,16,,,0,70,,2198,16,,,0,30,,2209,16,,,0
5200,'4661',814,,2216,16,,,0,32,,2217,16,,,0,70,,2215,16,,,0,35,,2218,16,,,0,70,,2219,16,,,0,100,,2220,16,,,0,30,,2221,16,,,0,70,,2222,16,,,0,30,,2223,16,,,0,70,,2235,16,,,0,30,,2224,16,,,0,70,,2225,16,,,0,88,,2227,16,,,0,35,,2228,16,,,0,70,,2229,16,,,0,40,,2226,16,,,0,70,,2230,16,,,0,30,,2231,16,,,0
5200,'4663',814,,2237,16,,,0,32,,2238,16,,,0,70,,2236,16,,,0,35,,2239,16,,,0,70,,2240,16,,,0,100,,2241,16,,,0,30,,2242,16,,,0,70,,2243,16,,,0,30,,2244,16,,,0,70,,2256,16,,,0,30,,2245,16,,,0,70,,2247,16,,,0,88,,2249,16,,,0,35,,2246,16,,,0,70,,2250,16,,,0,40,,2248,16,,,0,70,,2251,16,,,0,30,,2252,16,,,0,100,,2257,16,,,0,100,,2259,16,,,0,100,,2258,16,,,0
5500,'4661',747,,2366,12,0,11 12 13,0
5500,'4663',747,,2369,12,0,11 12 13,0
5700,'4332',1006,,2370,8,,,0,523,,2371,8,,,0,210,,2372,8,,,0
5700,'4661',1006,,2373,8,,,0,200,,2375,8,,,0,323,,2374,8,,,0,210,,2376,8,,,0
5700,'4663',1006,,2377,8,,,0,200,,2378,8,,,0,323,,2379,8,,,0,210,,2380,8,,,0,270,,2381,8,,,0
99029,'4661',833,,2415,14,0,7 8,0
99029,'4663',833,,2417,14,0,7 8,0
