5200,'4332',1453,,2207,31,0,9 10,0,381,,2208,31,0,9 10,0
5200,'4661',739,,2232,30,0,9 10,0,714,,2233,31,0,9 10,0,385,,2234,31,0,9 10,0
5200,'4663',739,,2253,30,0,9 10,0,714,,2254,31,0,9 10,0,385,,2255,31,0,9 10,0,367,,2260,30,0,9 10,0
5401,'4332',905,,2331,19,,,0,205,,2333,19,,,0,100,,2332,19,,,0,100,,2334,19,,,0,100,,2335,19,,,0,193,,2336,19,,,0,30,,2337,19,,,0,80,,2339,19,,,0,100,,2338,19,,,0
5401,'4661',753,,2340,19,,,0,82,,2341,19,,,0,70,,2342,19,,,0,205,,2347,19,,,0,200,,2349,19,,,0,100,,2348,19,,,0,193,,2344,19,,,0,30,,2345,19,,,0,80,,2346,19,,,0,100,,2343,19,,,0
5401,'4663',753,,2352,19,,,0,82,,2351,19,,,0,70,,2353,19,,,0,205,,2357,19,,,0,200,,2359,19,,,0,100,,2358,19,,,0,193,,2355,19,,,0,30,,2354,19,,,0,80,,2356,19,,,0,100,,2350,19,,,0,100,,2360,19,,,0,200,,2361,19,,,0
5500,'4332',1242,,2362,11,,,0,400,,2363,11,,,0
5500,'4661',1242,,2364,11,,,0,400,,2365,11,,,0
5500,'4663',1242,,2367,11,,,0,400,,2368,11,,,0
99029,'4661',1530,,2414,25,0,7 8,0
99029,'4663',1530,,2416,25,0,7 8,0
