5200,'4332',907,,2199,1,,,0,105,,2200,1,,,0,100,,2211,1,,,0,30,,2201,1,,,0,70,,2202,1,,,0,30,,2203,1,,,0,70,,2204,1,,,0,30,,2213,1,,,0,70,,2205,1,,,0,18,,2207,1,0,9 10,0,75,,2212,1,,,0,30,,2214,1,,,0,70,,2206,1,,,0,40,,2210,1,,,0,70,,2198,1,,,0,30,,2209,1,,,0,70,,2208,1,0,9 10,0
5200,'4661',719,,2232,1,0,9 10,0,86,,2216,1,,,0,32,,2217,1,,,0,70,,2215,1,,,0,35,,2218,1,,,0,70,,2219,1,,,0,100,,2220,1,,,0,30,,2221,1,,,0,70,,2222,1,,,0,30,,2223,1,,,0,70,,2235,1,,,0,30,,2224,1,,,0,70,,2225,1,,,0,18,,2233,1,0,9 10,0,70,,2227,1,,,0,35,,2228,1,,,0,70,,2229,1,,,0,40,,2226,1,,,0,70,,2230,1,,,0,30,,2231,1,,,0,70,,2234,1,0,9 10,0
5200,'4663',719,,2253,1,0,9 10,0,86,,2237,1,,,0,32,,2238,1,,,0,70,,2236,1,,,0,35,,2239,1,,,0,70,,2240,1,,,0,100,,2241,1,,,0,30,,2242,1,,,0,70,,2243,1,,,0,30,,2244,1,,,0,70,,2256,1,,,0,30,,2245,1,,,0,70,,2247,1,,,0,18,,2254,1,0,9 10,0,70,,2249,1,,,0,35,,2246,1,,,0,70,,2250,1,,,0,40,,2248,1,,,0,70,,2251,1,,,0,30,,2252,1,,,0,70,,2255,1,0,9 10,0,30,,2257,1,,,0,100,,2259,1,,,0,100,,2258,1,,,0,100,,2260,1,0,9 10,0
5401,'4332',855,,2331,1,,,0,245,,2333,1,,,0,100,,2332,1,,,0,100,,2334,1,,,0,100,,2335,1,,,0,153,,2336,1,,,0,70,,2337,1,,,0,80,,2339,1,,,0,100,,2338,1,,,0
5401,'4661',743,,2340,1,,,0,82,,2341,1,,,0,30,,2342,1,,,0,245,,2347,1,,,0,200,,2349,1,,,0,100,,2348,1,,,0,153,,2344,1,,,0,70,,2345,1,,,0,80,,2346,1,,,0,100,,2343,1,,,0
5401,'4663',743,,2352,1,,,0,82,,2351,1,,,0,30,,2353,1,,,0,245,,2357,1,,,0,200,,2359,1,,,0,100,,2358,1,,,0,153,,2355,1,,,0,70,,2354,1,,,0,80,,2356,1,,,0,100,,2350,1,,,0,100,,2360,1,,,0,200,,2361,1,,,0
5500,'4332',1230,,2362,1,,,0,400,,2363,1,,,0
5500,'4661',738,,2366,1,0,11 12 13,0,492,,2364,1,,,0,400,,2365,1,,,0
5500,'4663',738,,2369,1,0,11 12 13,0,492,,2367,1,,,0,400,,2368,1,,,0
5700,'4332',1000,,2370,1,,,0,523,,2371,1,,,0,210,,2372,1,,,0
5700,'4661',1000,,2373,1,,,0,200,,2375,1,,,0,323,,2374,1,,,0,210,,2376,1,,,0
5700,'4663',1000,,2377,1,,,0,200,,2378,1,,,0,323,,2379,1,,,0,210,,2380,1,,,0,270,,2381,1,,,0
