5200,'4332',921,,2199,22,,,0,105,,2200,22,,,0,100,,2211,22,,,0,30,,2201,22,,,0,70,,2202,22,,,0,30,,2203,22,,,0,70,,2204,22,,,0,30,,2213,22,,,0,70,,2205,22,,,0,93,,2212,22,,,0,30,,2214,22,,,0,70,,2206,22,,,0,40,,2210,22,,,0,70,,2198,22,,,0,30,,2209,22,,,0
5200,'4661',819,,2216,22,,,0,32,,2217,22,,,0,70,,2215,22,,,0,35,,2218,22,,,0,70,,2219,22,,,0,100,,2220,22,,,0,30,,2221,22,,,0,70,,2222,22,,,0,30,,2223,22,,,0,70,,2235,22,,,0,30,,2224,22,,,0,70,,2225,22,,,0,88,,2227,22,,,0,35,,2228,22,,,0,70,,2229,22,,,0,40,,2226,22,,,0,70,,2230,22,,,0,30,,2231,22,,,0
5200,'4663',819,,2237,22,,,0,32,,2238,22,,,0,70,,2236,22,,,0,35,,2239,22,,,0,70,,2240,22,,,0,100,,2241,22,,,0,30,,2242,22,,,0,70,,2243,22,,,0,30,,2244,22,,,0,70,,2256,22,,,0,30,,2245,22,,,0,70,,2247,22,,,0,88,,2249,22,,,0,35,,2246,22,,,0,70,,2250,22,,,0,40,,2248,22,,,0,70,,2251,22,,,0,30,,2252,22,,,0,100,,2257,22,,,0,100,,2259,22,,,0,100,,2258,22,,,0
5500,'4661',752,,2366,18,0,11 12 13,0
5500,'4663',752,,2369,18,0,11 12 13,0
5700,'4332',1010,,2370,14,,,0,523,,2371,14,,,0,210,,2372,14,,,0
5700,'4661',1010,,2373,14,,,0,200,,2375,14,,,0,323,,2374,14,,,0,210,,2376,14,,,0
5700,'4663',1010,,2377,14,,,0,200,,2378,14,,,0,323,,2379,14,,,0,210,,2380,14,,,0,270,,2381,14,,,0
99029,'4661',838,,2415,20,0,7 8,0
99029,'4663',838,,2417,20,0,7 8,0
