51,5100,'5458',2723,2724,2725,2726,2727,2728,2729,2730,2731,2732,2733,2734,2735,2736,2737,2738,2739,2740,2741,2742,2743,2744,2745,2746,2747,2748,2749
51,5100,'5459',2750,2751,2752,2753,2754,2755,2756,2757,2758,2759,2760,2761,2762,2763,2764,2765,2766,2767
51,5100,'5689',2699,2700,2701,2702,2703,2704,2705,2706,2707,2708,2709,2710,2711,2712,2713,2714,2715,2716,2717,2718,2719,2720,2721,2722
52,5200,'5458',2789,2790,2791,2792,2793,2794,2795,2796,2797,2798,2799,2800,2801,2802,2803,2804,2805,2806,2807,2808,2809,2810,2811,2812,2813
52,5200,'5459',2814,2815,2816,2817,2818,2819,2820,2821,2822,2823,2824,2825,2826,2827,2828,2829,2830
52,5200,'5689',2768,2769,2770,2771,2772,2773,2774,2775,2776,2777,2778,2779,2780,2781,2782,2783,2784,2785,2786,2787,2788
53,5300,'5458',2853,2854,2855,2856,2857,2858,2859,2860,2861,2862,2863,2864,2865,2866,2867,2868,2869,2870,2871,2872,2873,2874,2875,2876,2877,2878,2879,2880
53,5300,'5459',2881,2882,2883,2884,2885,2886,2887,2888,2889,2890,2891,2892,2893,2894,2895,2896,2897,2898,2899,2900
53,5300,'5689',2831,2832,2833,2834,2835,2836,2837,2838,2839,2840,2841,2842,2843,2844,2845,2846,2847,2848,2849,2850,2851,2852
54,5401,'5458',2911,2912,2913,2914,2915,2916,2917,2918,2919,2920,2921,2922
54,5401,'5459',2923,2924,2925,2926,2927,2928,2929,2930,2931
54,5401,'5689',2901,2902,2903,2904,2905,2906,2907,2908,2909,2910
55,5500,'5458',2935,2936,2937
55,5500,'5459',2938,2939
55,5500,'5689',2932,2933,2934
57,5700,'5458',2944,2945,2946,2947,2948
57,5700,'5459',2949,2950,2951
57,5700,'5689',2940,2941,2942,2943
60,6000,'5458',2957,2958,2959,2960,2961
60,6000,'5459',2962,2963,2964,2965
60,6000,'5689',2952,2953,2954,2955,2956
60,6001,'5458',2971,2972,2973,2974,2975
60,6001,'5459',2976,2977,2978,2979
60,6001,'5689',2966,2967,2968,2969,2970
99,99019,'5458',2982,2983
99,99019,'5689',2980,2981
99,99029,'5458',2986,2987
99,99029,'5689',2984,2985
