5200,'5334',815,,2769,17,,,0,32,,2770,17,,,0,70,,2768,17,,,0,35,,2771,17,,,0,70,,2772,17,,,0,100,,2773,17,,,0,30,,2774,17,,,0,70,,2775,17,,,0,30,,2776,17,,,0,70,,2788,17,,,0,30,,2777,17,,,0,70,,2779,17,,,0,88,,2781,17,,,0,35,,2778,17,,,0,70,,2782,17,,,0,40,,2780,17,,,0,70,,2783,17,,,0,30,,2784,17,,,0
5200,'5335',815,,2792,17,,,0,32,,2789,17,,,0,70,,2790,17,,,0,35,,2793,17,,,0,70,,2794,17,,,0,100,,2791,17,,,0,30,,2795,17,,,0,70,,2796,17,,,0,30,,2797,17,,,0,70,,2809,17,,,0,30,,2798,17,,,0,70,,2800,17,,,0,88,,2802,17,,,0,35,,2799,17,,,0,70,,2803,17,,,0,40,,2801,17,,,0,70,,2804,17,,,0,30,,2805,17,,,0,100,,2810,17,,,0,100,,2812,17,,,0,100,,2811,17,,,0
5200,'5336',917,,2815,17,,,0,105,,2816,17,,,0,100,,2827,17,,,0,30,,2817,17,,,0,70,,2818,17,,,0,30,,2819,17,,,0,70,,2820,17,,,0,30,,2829,17,,,0,70,,2821,17,,,0,93,,2828,17,,,0,30,,2830,17,,,0,70,,2822,17,,,0,40,,2826,17,,,0,70,,2814,17,,,0,30,,2825,17,,,0
5500,'5334',747,,2934,13,0,11 12 13,0
5500,'5335',747,,2937,13,0,11 12 13,0
5700,'5334',1006,,2940,9,,,0,200,,2942,9,,,0,323,,2941,9,,,0,210,,2943,9,,,0
5700,'5335',1006,,2944,9,,,0,200,,2945,9,,,0,323,,2946,9,,,0,210,,2947,9,,,0,270,,2948,9,,,0
5700,'5336',1006,,2949,9,,,0,523,,2950,9,,,0,210,,2951,9,,,0
99029,'5334',834,,2984,15,0,7 8,0
99029,'5335',834,,2986,15,0,7 8,0
