5100,'5334',715,,2699,2,,,0,25,,2716,2,,,0,15,,2700,2,,,0,70,,2701,2,,,0,30,,2702,2,,,0,75,,2703,2,,,0,70,,2704,2,,,0,30,,2705,2,,,0,70,,2720,2,,,0,30,,2706,2,,,0,70,,2707,2,,,0,30,,2721,2,,,0,70,,2709,2,,,0,30,,2710,2,,,0,70,,2711,2,,,0,30,,2708,2,,,0,105,,2712,2,,,0,70,,2715,2,,,0,25,,2719,2,,,0,15,,2713,2,,,0,70,,2714,2,,,0,30,,2718,2,,,0,70,,2717,2,,,0
5100,'5335',715,,2723,2,,,0,25,,2740,2,,,0,15,,2724,2,,,0,70,,2725,2,,,0,30,,2726,2,,,0,75,,2727,2,,,0,70,,2728,2,,,0,30,,2729,2,,,0,70,,2744,2,,,0,30,,2730,2,,,0,70,,2731,2,,,0,30,,2745,2,,,0,70,,2732,2,,,0,30,,2733,2,,,0,70,,2734,2,,,0,30,,2735,2,,,0,105,,2736,2,,,0,70,,2739,2,,,0,25,,2743,2,,,0,15,,2737,2,,,0,70,,2738,2,,,0,30,,2742,2,,,0,70,,2741,2,,,0,100,,2748,2,,,0,100,,2746,2,,,0,100,,2747,2,,,0
5100,'5336',825,,2750,2,,,0,105,,2765,2,,,0,100,,2762,2,,,0,70,,2766,2,,,0,30,,2753,2,,,0,70,,2767,2,,,0,30,,2759,2,,,0,70,,2754,2,,,0,30,,2755,2,,,0,70,,2760,2,,,0,30,,2756,2,,,0,75,,2761,2,,,0,30,,2758,2,,,0,70,,2763,2,,,0,40,,2751,2,,,0,70,,2764,2,,,0,30,,2757,2,,,0,70,,2752,2,,,0
5300,'5334',713,,2831,2,,,0,43,,2832,2,,,0,69,,2833,2,,,0,30,,2834,2,,,0,75,,2836,2,,,0,70,,2838,2,,,0,30,,2849,2,,,0,70,,2835,2,,,0,30,,2841,2,,,0,70,,2842,2,,,0,30,,2837,2,,,0,70,,2851,2,,,0,30,,2839,2,,,0,70,,2844,2,,,0,30,,2845,2,,,0,77,,2843,2,,,0,28,,2840,2,,,0,70,,2846,2,,,0,40,,2847,2,,,0,70,,2850,2,,,0,30,,2848,2,,,0,70,,2852,2,,,0
5300,'5335',713,,2853,2,,,0,43,,2854,2,,,0,69,,2855,2,,,0,30,,2856,2,,,0,75,,2857,2,,,0,70,,2858,2,,,0,30,,2872,2,,,0,70,,2860,2,,,0,30,,2863,2,,,0,70,,2861,2,,,0,30,,2859,2,,,0,70,,2873,2,,,0,30,,2862,2,,,0,70,,2865,2,,,0,30,,2864,2,,,0,77,,2866,2,,,0,28,,2867,2,,,0,70,,2868,2,,,0,40,,2869,2,,,0,70,,2871,2,,,0,30,,2870,2,,,0,70,,2874,2,,,0,30,,2878,2,,,0,70,,2879,2,,,0,30,,2877,2,,,0,70,,2880,2,,,0,30,,2875,2,,,0,70,,2876,2,,,0
5300,'5336',825,,2883,2,,,0,30,,2897,2,,,0,75,,2894,2,,,0,70,,2884,2,,,0,30,,2886,2,,,0,70,,2896,2,,,0,30,,2899,2,,,0,70,,2887,2,,,0,30,,2895,2,,,0,70,,2900,2,,,0,30,,2888,2,,,0,70,,2889,2,,,0,30,,2898,2,,,0,75,,2891,2,,,0,30,,2890,2,,,0,70,,2892,2,,,0,40,,2882,2,,,0,70,,2881,2,,,0,30,,2893,2,,,0,70,,2885,2,,,0
6001,'5334',710,,2968,2,0,5 6,0,200,,2967,2,0,5 6,0,300,,2966,2,0,5 6,0,400,,2970,2,0,5 6,0,100,,2969,2,0,5 6,0
6001,'5335',710,,2973,2,0,5 6,0,200,,2971,2,0,5 6,0,300,,2972,2,0,5 6,0,400,,2975,2,0,5 6,0,100,,2974,2,0,5 6,0
6001,'5336',910,,2977,2,0,5 6,0,300,,2978,2,0,5 6,0,400,,2979,2,0,5 6,0,100,,2976,2,0,5 6,0
99019,'5334',1507,,2981,2,0,7 8,0
99019,'5335',1507,,2983,2,0,7 8,0
