5200,'4332',918,,2199,19,,,0,105,,2200,19,,,0,100,,2211,19,,,0,30,,2201,19,,,0,70,,2202,19,,,0,30,,2203,19,,,0,70,,2204,19,,,0,30,,2213,19,,,0,70,,2205,19,,,0,93,,2212,19,,,0,30,,2214,19,,,0,70,,2206,19,,,0,40,,2210,19,,,0,70,,2198,19,,,0,30,,2209,19,,,0
5200,'4661',816,,2216,19,,,0,32,,2217,19,,,0,70,,2215,19,,,0,35,,2218,19,,,0,70,,2219,19,,,0,100,,2220,19,,,0,30,,2221,19,,,0,70,,2222,19,,,0,30,,2223,19,,,0,70,,2235,19,,,0,30,,2224,19,,,0,70,,2225,19,,,0,88,,2227,19,,,0,35,,2228,19,,,0,70,,2229,19,,,0,40,,2226,19,,,0,70,,2230,19,,,0,30,,2231,19,,,0
5200,'4663',816,,2237,19,,,0,32,,2238,19,,,0,70,,2236,19,,,0,35,,2239,19,,,0,70,,2240,19,,,0,100,,2241,19,,,0,30,,2242,19,,,0,70,,2243,19,,,0,30,,2244,19,,,0,70,,2256,19,,,0,30,,2245,19,,,0,70,,2247,19,,,0,88,,2249,19,,,0,35,,2246,19,,,0,70,,2250,19,,,0,40,,2248,19,,,0,70,,2251,19,,,0,30,,2252,19,,,0,100,,2257,19,,,0,100,,2259,19,,,0,100,,2258,19,,,0
5500,'4661',749,,2366,15,0,11 12 13,0
5500,'4663',749,,2369,15,0,11 12 13,0
5700,'4332',1007,,2370,11,,,0,523,,2371,11,,,0,210,,2372,11,,,0
5700,'4661',1007,,2373,11,,,0,200,,2375,11,,,0,323,,2374,11,,,0,210,,2376,11,,,0
5700,'4663',1007,,2377,11,,,0,200,,2378,11,,,0,323,,2379,11,,,0,210,,2380,11,,,0,270,,2381,11,,,0
99029,'4661',835,,2415,17,0,7 8,0
99029,'4663',835,,2417,17,0,7 8,0
