5100,190042,1,0,0
5100,190111,2,0,0
5100,190092,3,0,0
5100,190093,4,0,0
5100,190094,5,0,0
5100,190095,6,0,0
5100,190000,7,0,0
5100,190001,8,0,0
5100,190002,9,0,0
5100,190003,10,0,0
5100,190004,11,0,0
5100,190005,12,0,0
5100,190006,13,0,0
5100,190007,14,0,0
5100,190008,15,0,0
5100,190009,16,0,0
5100,190010,17,0,0
5100,190011,18,0,0
5100,190012,19,0,0
5100,190013,20,0,0
5100,190014,21,0,0
5100,190015,22,0,0
5100,190016,23,0,0
5100,190017,24,0,0
5100,190096,25,0,0
5100,190097,26,0,0
5100,190098,27,0,0
5100,190099,28,0,0
5100,190100,29,0,0
5100,190112,30,0,0
5100,190018,31,0,0
5200,190019,1,0,0
5200,190020,2,0,0
5200,190091,3,0,0
5200,190021,4,0,0
5200,190023,5,0,0
5200,190027,6,0,0
5200,190029,7,0,0
5200,190031,8,0,0
5200,190032,9,0,0
5200,190033,10,0,0
5200,190034,11,0,0
5200,190035,12,0,0
5200,190089,13,0,0
5200,190036,14,0,0
5200,190037,15,0,0
5200,190038,16,0,0
5200,190039,17,0,0
5200,190040,18,0,0
5200,190030,19,0,0
5200,190028,20,0,0
5200,190025,21,0,0
5200,190024,22,0,0
5200,190022,23,0,0
5200,190041,24,0,0
5200,190090,25,0,0
5200,190074,26,0,0
5200,190075,27,0,0
5200,190076,28,0,0
5200,190077,29,0,0
5200,190078,30,0,0
5200,190079,31,0,0
5200,190080,32,0,0
5200,190081,33,0,0
5200,190082,34,0,0
5200,190083,35,0,0
5200,190084,36,0,0
5200,190085,37,0,0
5200,190106,38,0,0
5200,190086,39,0,0
5200,190042,40,1,1
5300,190042,1,0,0
5300,190111,2,0,0
5300,190046,3,0,0
5300,190048,4,0,0
5300,190107,5,0,0
5300,190049,6,0,0
5300,190051,7,0,0
5300,190052,8,0,0
5300,190053,9,0,0
5300,190054,10,0,0
5300,190055,11,0,0
5300,190056,12,0,0
5300,190109,13,0,0
5300,190057,14,0,0
5300,190058,15,0,0
5300,190059,16,0,0
5300,190060,17,0,0
5300,190061,18,0,0
5300,190062,19,0,0
5300,190063,20,0,0
5300,190064,21,0,0
5300,190065,22,0,0
5300,190066,23,0,0
5300,190067,24,0,0
5300,190068,25,0,0
5300,190069,26,0,0
5300,190050,27,0,0
5300,190047,28,0,0
5300,190112,29,0,0
5300,190018,30,0,0
5401,190019,1,0,0
5401,190070,2,0,0
5401,190071,3,0,0
5401,190072,4,0,0
5401,190073,5,0,0
5401,190074,6,0,0
5401,190075,7,0,0
5401,190076,8,0,0
5401,190077,9,0,0
5401,190078,10,0,0
5401,190079,11,0,0
5401,190080,12,0,0
5401,190081,13,0,0
5401,190082,14,0,0
5401,190083,15,0,0
5401,190084,16,0,0
5401,190085,17,0,0
5401,190106,18,0,0
5401,190086,19,0,0
5401,190042,20,1,1
5500,190019,1,0,0
5500,190070,2,0,0
5500,190071,3,0,0
5500,190072,4,0,0
5500,190073,5,0,0
5500,190087,6,0,0
5500,190088,7,0,0
5500,190089,8,0,0
5500,190036,9,0,0
5500,190037,10,0,0
5500,190038,11,0,0
5500,190039,12,0,0
5500,190040,13,0,0
5500,190030,14,0,0
5500,190028,15,0,0
5500,190025,16,0,0
5500,190024,17,0,0
5500,190022,18,0,0
5500,190041,19,0,0
5500,190085,20,0,0
5500,190106,21,0,0
5500,190086,22,0,0
5500,190042,23,1,1
5700,190019,1,0,0
5700,190070,2,0,0
5700,190071,3,0,0
5700,190072,4,0,0
5700,190073,5,0,0
5700,190087,6,0,0
5700,190088,7,0,0
5700,190039,8,0,0
5700,190040,9,0,0
5700,190030,10,0,0
5700,190028,11,0,0
5700,190025,12,0,0
5700,190024,13,0,0
5700,190022,14,0,0
5700,190041,15,0,0
5700,190042,16,1,1
6000,191004,1,0,0
6000,191005,2,0,0
6000,191006,3,0,0
6000,191007,4,0,0
6000,191000,5,0,0
6000,190102,6,0,0
6000,190105,7,0,0
6000,190108,8,0,0
6000,190050,9,0,0
6000,190047,10,0,0
6000,190112,11,0,0
6000,190018,12,0,0
6000,190042,13,1,1
6001,190042,1,0,0
6001,190111,2,0,0
6001,190046,3,0,0
6001,190048,4,0,0
6001,190049,5,0,0
6001,190051,6,0,0
6001,190052,7,0,0
6001,190053,8,0,0
6001,191000,9,0,0
6001,191001,10,0,0
6001,191002,11,0,0
6001,191003,12,0,0
6001,191004,13,1,1
99019,190042,1,0,0
99019,190111,2,0,0
99019,190046,3,0,0
99019,190092,4,0,0
99019,190093,5,0,0
99019,190094,6,0,0
99019,190095,7,0,0
99019,190000,8,0,0
99019,190001,9,0,0
99019,190002,10,0,0
99019,190003,11,0,0
99019,190004,12,0,0
99019,190005,13,0,0
99019,190006,14,0,0
99019,190007,15,0,0
99019,190008,16,0,0
99019,190009,17,0,0
99019,190010,18,0,0
99019,190011,19,0,0
99019,190103,20,0,0
99019,190057,21,0,0
99019,190058,22,0,0
99019,190059,23,0,0
99019,190060,24,0,0
99019,190105,25,0,0
99019,190108,26,0,0
99019,190050,27,0,0
99019,190107,28,0,0
99019,190049,29,0,0
99019,190051,30,0,0
99019,190052,31,0,0
99019,190053,32,0,0
99019,190054,33,0,0
99019,190104,34,0,0
99029,190091,1,0,0
99029,190023,2,0,0
99029,190026,3,0,0
99029,190027,4,0,0
99029,190029,5,0,0
99029,190031,6,0,0
99029,190032,7,0,0
99029,190033,8,0,0
99029,190034,9,0,0
99029,190035,10,0,0
99029,190036,11,0,0
99029,190037,12,0,0
99029,190038,13,0,0
99029,190039,14,0,0
99029,190040,15,0,0
99029,190030,16,0,0
99029,190028,17,0,0
99029,190025,18,0,0
99029,190024,19,0,0
99029,190022,20,0,0
99029,190107,21,0,0
99029,190090,33,0,0
99029,190074,34,0,0
99029,190075,35,0,0
99029,190076,36,0,0
99029,190077,37,0,0
99029,190078,38,0,0
99029,190079,39,0,0
99029,190080,40,0,0
99029,190081,41,0,0
99029,190082,42,0,0
99029,190083,43,0,0
99029,190084,44,0,0
99029,190086,45,0,0
99029,190042,46,1,1
